# unix_time, cycles_done, cur_path, paths_total, pending_total, pending_favs, map_size, unique_crashes, unique_hangs, max_depth, execs_per_sec
1583798817, 0, 0, 3, 3, 3, 0.04%, 0, 0, 1, 3000.00
1583798822, 0, 0, 20, 20, 3, 0.06%, 0, 0, 2, 4400.07
1583798827, 0, 21, 33, 24, 4, 0.07%, 0, 0, 3, 5017.07
1583798832, 0, 24, 46, 35, 4, 0.07%, 0, 0, 4, 5149.58
1583798837, 1, 35, 50, 31, 0, 0.07%, 0, 0, 4, 5184.01
1583798842, 2, 9, 51, 22, 0, 0.07%, 0, 0, 4, 5213.91
1583798847, 3, 49, 54, 18, 0, 0.07%, 0, 0, 5, 5229.43
1583798853, 4, 24, 56, 16, 0, 0.07%, 0, 0, 5, 4588.44
1583798858, 5, 52, 57, 10, 0, 0.07%, 0, 0, 6, 4991.18
1583798863, 7, 56, 58, 9, 0, 0.07%, 0, 0, 7, 4878.42
1583798868, 7, 57, 59, 9, 1, 0.07%, 0, 0, 8, 5122.76
1583798873, 9, 55, 60, 8, 0, 0.07%, 0, 0, 8, 5195.62
1583798878, 9, 58, 60, 7, 0, 0.07%, 0, 0, 8, 5254.41
1583798883, 11, 53, 61, 5, 0, 0.07%, 0, 0, 8, 5220.53
1583798888, 12, 35, 61, 4, 0, 0.07%, 0, 0, 8, 5157.50
1583798893, 14, 57, 61, 4, 0, 0.07%, 0, 0, 8, 5182.95
1583798898, 17, 35, 61, 3, 0, 0.07%, 0, 0, 8, 5200.81
1583798903, 20, 6, 61, 2, 0, 0.07%, 0, 0, 8, 5210.44
1583798908, 21, 59, 62, 3, 0, 0.07%, 0, 0, 8, 5188.12
1583798913, 22, 53, 62, 2, 0, 0.07%, 0, 0, 8, 5174.09
1583798919, 24, 61, 62, 2, 0, 0.07%, 0, 0, 8, 5246.95
1583798924, 25, 60, 62, 0, 0, 0.07%, 0, 0, 8, 5133.49
1583798929, 29, 16, 62, 0, 0, 0.07%, 0, 0, 8, 5130.37
1583798934, 32, 2, 62, 0, 0, 0.07%, 0, 0, 8, 5233.89
1583798939, 34, 53, 62, 0, 0, 0.07%, 0, 0, 8, 5224.17
1583798944, 37, 9, 62, 0, 0, 0.07%, 0, 0, 8, 5215.95
1583798950, 39, 57, 62, 0, 0, 0.07%, 0, 0, 8, 5249.84
