# unix_time, cycles_done, cur_path, paths_total, pending_total, pending_favs, map_size, unique_crashes, unique_hangs, max_depth, execs_per_sec
1583798964, 0, 0, 3, 3, 3, 0.03%, 0, 0, 1, 2666.67
1583798969, 0, 6, 15, 13, 4, 0.05%, 0, 0, 2, 4686.69
1583798974, 0, 15, 24, 18, 2, 0.06%, 0, 0, 4, 5166.12
1583798979, 1, 10, 29, 16, 0, 0.06%, 0, 0, 5, 5253.04
1583798984, 2, 32, 38, 19, 0, 0.06%, 0, 0, 7, 5199.20
1583798989, 3, 36, 38, 14, 0, 0.06%, 0, 0, 7, 5251.89
1583798994, 5, 25, 39, 10, 0, 0.06%, 0, 0, 7, 5313.87
1583798999, 5, 39, 40, 9, 0, 0.06%, 0, 0, 7, 5161.60
1583799004, 7, 37, 41, 6, 0, 0.06%, 0, 0, 7, 5226.54
1583799009, 9, 38, 41, 4, 0, 0.06%, 0, 0, 7, 5253.99
1583799015, 13, 29, 41, 2, 0, 0.06%, 0, 0, 7, 5276.86
1583799020, 16, 35, 41, 1, 0, 0.06%, 0, 0, 7, 5260.92
1583799025, 22, 6, 42, 1, 0, 0.06%, 0, 0, 7, 5210.77
1583799030, 24, 21, 42, 0, 0, 0.06%, 0, 0, 7, 5264.11
1583799035, 28, 8, 42, 0, 0, 0.06%, 0, 0, 7, 5232.02
1583799040, 34, 21, 42, 0, 0, 0.06%, 0, 0, 7, 5245.41
1583799045, 40, 17, 42, 0, 0, 0.06%, 0, 0, 7, 5307.15
1583799050, 45, 21, 42, 0, 0, 0.06%, 0, 0, 7, 5270.21
1583799056, 51, 26, 42, 0, 0, 0.06%, 0, 0, 7, 5114.33
1583799061, 57, 21, 42, 0, 0, 0.06%, 0, 0, 7, 5196.57
1583799066, 63, 22, 42, 0, 0, 0.06%, 0, 0, 7, 5247.53
1583799071, 69, 17, 42, 0, 0, 0.06%, 0, 0, 7, 5158.13
